
\documentclass[letterpaper, 10 pt, conference]{ieeeconf}  

\usepackage{lmodern}
\usepackage{amsmath}
\usepackage{amsfonts}
\usepackage{graphicx}
\usepackage{cite}
\usepackage{booktabs}

\title{
\Large \bf CS405 Machine Learning\\
\huge Research Proposal\\
\vspace{0.5em}
\Large \textit{TSDR: Traffic-Sign Detection and Recognition}
}
\author{
Langchu Huang \\ 
\texttt{12213009} \\
\and
Yutong Wu \\ 
\texttt{12213012} \\
\and
Yuhang Huang \\ 
\texttt{12213015}
\and
Tianye Wu \\ 
\texttt{12211201} \\
}

\begin{document}

\begin{table}[h!]
\centering
\caption{Metrics of YOLO Variations for TT100K Dataset}
\label{tab:metrics}
\begin{tabular}{lcccc}
\toprule
Variations & mAP\textsubscript{0.5:0.95} & mAP\textsubscript{0.5} & Precision & Recall \\
\midrule
  yolov5s$_{640}$ & .358 & .526 & .897 & .421 \\
  yolov5x$_{640}$ & .431 & .656 & .866 & .580 \\
  yolov5s-seattn$_{640}$ & .310 & .489 & .870 & .410 \\
  yolov5s$_{1280}$ & .462 & .671 & .723 & .510 \\
  yolov5x$_{1280}$ & .532 & .781 & .855 & .720 \\
\bottomrule
\end{tabular}
\end{table}

\begin{table}[h!]
\centering
  \caption{Metrics of YOLO Variations and Baseline Models (TT100K)}
\label{tab:metrics_combined}
\begin{tabular}{lcccc}
\toprule
Variations & mAP\textsubscript{0.5:0.95} & mAP\textsubscript{0.5} & Precision & Recall \\
\midrule
  yolov5s$_{640}$ & 0.310 & 0.489 & 0.870 & 0.410 \\
  yolov5x$_{640}$ & 0.431 & 0.656 & 0.866 & 0.580 \\
  yolov5s-seattn$_{640}$ & 0.358 & 0.526 & 0.897 & 0.421 \\
  yolov5s$_{1280}$ & 0.462 & 0.671 & 0.723 & 0.510 \\
  yolov5x$_{1280}$ & 0.532 & 0.781 & 0.855 & 0.720 \\
\midrule
  Fast R-CNN & N/A & N/A & 0.50 & 0.56 \\
  Multi-class Network & N/A & N/A & 0.88 & 0.91 \\
  AN+FRPN & 0.4981 & N/A & N/A & N/A \\
  Faster-RCNN & 0.3122 & N/A & N/A & N/A \\
\bottomrule
\end{tabular}
\end{table}

\end{document}

